   0    0    0    0    0    0    0    0    0    0    0    0    0    0    0    0    0    0    0    0    0    0    0    0    0    0    0    0    0    0    0    0 
   0    0    0    0    0    0    0    0    0    0    0    0    0    0    0    0    0    0    0    0    0    0    0    0    0    0    0    0    0    0    0    0 
   0    0    0    0    0    0    0    0    0    0    0    0    0    0    0    0    0    0    0    0    0    0    0    0    0    0    0    0    0    0    0    0 
   0    0    0    0    0    0    0    0    0    0    0    0    0    0    0    0    0    0    0    0    0    0    0    0    0    0    0    0    0    0    0    0 
   0    0    0    0    0    0    0    0    0    0    0    0    0    0    0    0    0    0    0    0    0    0    0    0    0    0    0    0    0    0    0    0 
   0    0    0    0    0    1    4    0    0    0    0    0    0    0    0    0    0    0    0    0    0    0    0    0    0    0    0    0    0    0    0    0 
   0    0    0    0   17  114  155   52    0    0    0    0    0    0   10   23    4    0    0    0    0    0    0    0    0    0    0    0    0    0    0    0 
   0    0    0    0   14   69  183  164   35    0    0    0   21   83  131  150  136   63    7    0    0    0    0    0    0    0    0    0    0    0    0    0 
   0    0    0    0   16  108  161  185  166   69   31   98  113  164  185  182  184  182  123    9    0    0    0   12   80  142  128   24    0    0    0    0 
   0    0    0    0   60  130  147  183  170  123  173  157  150  182  178  178  178  179  186  128    8   15   81  157  187  181   79   18    0    0    0    0 
   0    0    0    0  100  127  124  184  150  149  163  160  171  179  178  179  179  178  179  171  137  163  185  182  183   99    0    0    0    0    0    0 
   0    0    0    2  109  137  108  163  167  164  151  167  166  180  179  179  179  178  178  179  183  181  179  183  147  111  101   21    0    0    0    0 
   0    0    0    0   90  138  115  111  152  165  149  170  178  179  179  179  179  179  181  180  179  179  183  158  104  127  141   82    0    0    0    0 
   0    0    0    0   34  131  137  114  121   92  132  175  180  179  179  177  177  172  160  163  179  180  159   99  117  133  138   89    0    0    0    0 
   0    0    0    0    0   30   77  149  102    0   89  184  178  179  181  163   93  105  142  151  162  177  122  112  133  132  139   67    0    0    0    0 
   0    0    0    0    0    0   69  186  161   93  160  182  165  147  179  150   51   97  179  163  153  185  141  127  133  137  123   18    0    0    0    0 
   0    0    0    0    0    6  145  181  150  170  182  180  178  164  167  111    8   24  150  148  146  163  123   97  136  116   34    0    0    0    0    0 
   0    0    0    0    0    4  145  164  144  173  174  167  154  158  142  124  132  113  121  140  156  167  144   14   32   10    0    0    0    0    0    0 
   0    0    0    0    0    0   87  160  155  156  148  155  166  159  146  172  120  123  146  154  157  163  112    0    0    0    0    0    0    0    0    0 
   0    0    0    0    0    0   10  109  181  164  174  166  158  176  205  210  163  137  131  160  165  173   53    0    0    0    0    0    0    0    0    0 
   0    0    0    0    0    0    0    8  119  206  166  191  209  215  208  175  158  168  156  180  161   73    1    0    0    0    0    0    0    0    0    0 
   0    0    0    0    0    0    0    0   14  141  165  181  182  177  162  183  210  166  147   92   34    0    0    0    0    0    0    0    0    0    0    0 
   0    0    0    0    0    0    0    0    0  102  213  207  200  201  208  213  196   92   18    0    0    0    0    0    0    0    0    0    0    0    0    0 
   0    0    0    0    0    0    0    0    6  181  214  209  209  209  209  217  160    1    0    0    0    0    0    0    0    0    0    0    0    0    0    0 
   0    0    0    0    0    0    0    0    0  138  219  215  213  215  219  197   64    0    0    0    0    0    0    0    0    0    0    0    0    0    0    0 
   0    0    0    0    0    0    0    0    0   16   97  160  173  158  108   31    0    0    0    0    0    0    0    0    0    0    0    0    0    0    0    0 
   0    0    0    0    0    0    0    0    0    0    0    0    3    1    0    0    0    0    0    0    0    0    0    0    0    0    0    0    0    0    0    0 
   0    0    0    0    0    0    0    0    0    0    0    0    0    0    0    0    0    0    0    0    0    0    0    0    0    0    0    0    0    0    0    0 
   0    0    0    0    0    0    0    0    0    0    0    0    0    0    0    0    0    0    0    0    0    0    0    0    0    0    0    0    0    0    0    0 
   0    0    0    0    0    0    0    0    0    0    0    0    0    0    0    0    0    0    0    0    0    0    0    0    0    0    0    0    0    0    0    0 
   0    0    0    0    0    0    0    0    0    0    0    0    0    0    0    0    0    0    0    0    0    0    0    0    0    0    0    0    0    0    0    0 
   0    0    0    0    0    0    0    0    0    0    0    0    0    0    0    0    0    0    0    0    0    0    0    0    0    0    0    0    0    0    0    0 
