 255  255  255  255  255  255  255  255  255  255  255  255  255  255  255  255  255  255  255  255  255  255  255  255  255  255  255  255  255  255  255  255 
 255  255  255  255  255  255  255  255  255  255  255  255  255  255  255  255  255  255  255  255  255  255  255  255  255  255  255  255  255  255  255  255 
 255  255  255  255  255  255  255  255  255  255  255  255  255  255  255  255  249  223  217  235  255  255  255  255  255  255  255  255  255  255  255  255 
 255  255  255  255  255  255  255  255  255  255  255  255  255  255  245  222  164  134  165  203  252  255  255  255  255  255  255  255  255  255  255  255 
 255  255  255  255  255  255  255  255  255  255  255  255  251  213  156  150  149  152  142  132  161  227  252  255  255  255  255  255  255  255  255  255 
 255  255  255  255  255  255  255  255  255  255  255  236  170  146  151  152  152  152  151  142  145  182  238  255  239  241  255  255  255  255  255  255 
 255  255  255  235  188  221  255  255  255  255  232  159  148  152  152  152  152  152  152  150  146  149  188  191  156  153  208  255  255  255  255  255 
 255  255  232  142  147  147  169  202  228  239  165  149  152  153  156  156  153  152  152  152  151  152  147  141  154  119   81  243  255  255  255  255 
 255  255  127   67  141  153  149  147  150  158  151  152  153  152   99   90  146  153  152  152  152  152  153  146  148  118   57  203  255  255  255  255 
 255  243   71   85  120  154  152  152  152  151  152  152  156   88   45   30   82  156  152  152  152  152  152  152  144  117   63  177  255  255  255  255 
 255  212   58   94  102  150  153  152  152  152  152  155  130   82  127  106   47  141  154  152  152  152  152  153  149  109   67  163  255  255  255  255 
 255  203   59   98   91  129  156  152  152  152  152  154  128  121  108  107   88  105  157  152  152  152  152  152  155   99   67  164  255  255  255  255 
 255  203   56   97   93   89  137  155  154  152  152  152  132  117  143  192  131   83  143  153  152  152  152  155  129   58   64  190  255  255  255  255 
 255  225   57   92   97   88   76  100  127  152  153  149  126  125  202  189   66   83  131  154  152  152  153  142   58   56   65  231  255  255  255  255 
 255  251   86   71  100   96   90   65   95  155  153  149  124  134  209  172   55   61  138  147  147  152  152  104   66   51  122  255  255  255  255  255 
 255  255  178   39   82   99   92   50  114  156  152  151  167  166  191  202   81   56  132  148  151  152  152  155  134  135  230  255  255  255  255  255 
 255  255  250  111   35   65   53   49  134  154  152  152  156  182  176  181  176  113  121  154  152  152  152  151  154  165  246  255  255  255  255  255 
 255  255  255  246  127   41   33   43  124  154  152  152  152  151  157  154  153  156  164  152  153  154  154  153  153  146  203  255  255  255  255  255 
 255  255  255  255  255  208  160  153  133  145  153  152  152  152  151  152  151  158  174  157  140  131  138  146  145  127  166  255  255  255  255  255 
 255  255  255  255  255  255  255  255  181  124  154  152  152  152  151  146  156  167  168  166  117  104  109  111  111   98  173  255  255  255  255  255 
 255  255  255  255  255  255  255  255  239  134  136  154  152  152  149  141  169  166  164  167  158   94   88  109  106  117  198  255  255  255  255  255 
 255  255  255  255  255  255  255  255  255  211  118  139  154  152  153  162  158  168  168  168  175  167  139  124  140  169  227  255  255  255  255  255 
 255  255  255  255  255  255  255  255  255  255  206  111  131  150  153  170  164  153  167  175  176  178  182  158  170  195  254  255  255  255  255  255 
 255  255  255  255  255  255  255  255  255  255  255  149   99  118  138  163  175  168  149  151  141  133  118  124  180  242  255  255  255  255  255  255 
 255  255  255  255  255  255  255  255  255  255  255  214  104  102  106  137  174  174  175  173  140   67   63  145  236  255  255  255  255  255  255  255 
 255  255  255  255  255  255  255  255  255  255  255  255  165   98  101  109  163  174  173  173  178  121   64  179  255  255  255  255  255  255  255  255 
 255  255  255  255  255  255  255  255  255  255  255  255  248  158   97   98  141  175  173  173  173  173  155  177  246  255  255  255  255  255  255  255 
 255  255  255  255  255  255  255  255  255  255  255  255  255  250  163   98  118  161  173  173  173  173  175  174  240  255  255  255  255  255  255  255 
 255  255  255  255  255  255  255  255  255  255  255  255  255  255  253  146  111  176  177  170  172  172  169  172  246  255  255  255  255  255  255  255 
 255  255  255  255  255  255  255  255  255  255  255  255  255  255  255  225  208  255  238  197  174  175  192  231  255  255  255  255  255  255  255  255 
 255  255  255  255  255  255  255  255  255  255  255  255  255  255  255  255  255  255  255  255  241  241  255  255  255  255  255  255  255  255  255  255 
 255  255  255  255  255  255  255  255  255  255  255  255  255  255  255  255  255  255  255  255  255  255  255  255  255  255  255  255  255  255  255  255 
