0 0 0 0 0 0 0 0 0 0 0 0 0 0 0 0 0 0 0 0 0 0 0 0 0 0 0 0 0 0 0 0
0 0 0 0 0 0 0 0 0 0 0 0 0 0 0 0 0 0 0 0 0 0 0 0 0 0 0 0 0 0 0 0
0 0 0 0 0 0 0 0 0 0 0 0 0 0 0 0 0 0 0 0 0 0 0 0 0 0 0 0 0 0 0 0
0 0 0 0 0 0 0 0 0 0 0 0 0 0 0 0 0 0 0 0 0 0 0 0 0 0 0 0 0 0 0 0
0 0 0 0 0 0 0 0 0 0 0 0 0 0 0 0 0 0 0 0 0 0 0 0 0 0 0 0 0 0 0 0
0 0 0 0 0 0 0 0 0 0 0 0 0 0 0 0 0 0 0 0 0 0 0 0 0 0 0 0 0 0 0 0
0 0 0 0 0 0 0 0 0 0 0 0 0 0 0 0 0 0 0 0 0 0 0 0 0 0 0 0 0 0 0 0
0 0 0 0 0 0 0 0 0 0 0 0 0 0 0 0 0 0 0 0 0 0 0 0 0 0 0 0 0 0 0 0
0 0 0 0 0 0 0 0 16 48 64 64 64 64 64 64 64 64 64 64 64 48 16 0 0 0 0 0 0 0 0 0
0 0 0 0 0 0 0 0 48 143 191 191 191 191 191 191 191 191 191 191 191 143 48 0 0 0 0 0 0 0 0 0
0 0 0 0 0 0 0 0 64 191 255 255 255 255 255 255 255 255 255 255 255 191 64 0 0 0 0 0 0 0 0 0
0 0 0 0 0 0 0 0 64 191 255 255 255 255 255 255 255 255 255 255 255 191 64 0 0 0 0 0 0 0 0 0
0 0 0 0 0 0 0 0 64 191 255 255 255 255 255 255 255 255 255 255 255 191 64 0 0 0 0 0 0 0 0 0
0 0 0 0 0 0 0 0 64 191 255 255 255 255 255 255 255 255 255 255 255 191 64 0 0 0 0 0 0 0 0 0
0 0 0 0 0 0 0 0 64 191 255 255 255 255 255 255 255 255 255 255 255 191 64 0 0 0 0 0 0 0 0 0
0 0 0 0 0 0 0 0 64 191 255 255 255 255 255 255 255 255 255 255 255 191 64 0 0 0 0 0 0 0 0 0
0 0 0 0 0 0 0 0 64 191 255 255 255 255 255 255 255 255 255 255 255 191 64 0 0 0 0 0 0 0 0 0
0 0 0 0 0 0 0 0 64 191 255 255 255 255 255 255 255 255 255 255 255 191 64 0 0 0 0 0 0 0 0 0
0 0 0 0 0 0 0 0 64 191 255 255 255 255 255 255 255 255 255 255 255 191 64 0 0 0 0 0 0 0 0 0
0 0 0 0 0 0 0 0 64 191 255 255 255 255 255 255 255 255 255 255 255 191 64 0 0 0 0 0 0 0 0 0
0 0 0 0 0 0 0 0 64 191 255 255 255 255 255 255 255 255 255 255 255 191 64 0 0 0 0 0 0 0 0 0
0 0 0 0 0 0 0 0 48 143 191 191 191 191 191 191 191 191 191 191 191 143 48 0 0 0 0 0 0 0 0 0
0 0 0 0 0 0 0 0 16 48 64 64 64 64 64 64 64 64 64 64 64 48 16 0 0 0 0 0 0 0 0 0
0 0 0 0 0 0 0 0 0 0 0 0 0 0 0 0 0 0 0 0 0 0 0 0 0 0 0 0 0 0 0 0
0 0 0 0 0 0 0 0 0 0 0 0 0 0 0 0 0 0 0 0 0 0 0 0 0 0 0 0 0 0 0 0
0 0 0 0 0 0 0 0 0 0 0 0 0 0 0 0 0 0 0 0 0 0 0 0 0 0 0 0 0 0 0 0
0 0 0 0 0 0 0 0 0 0 0 0 0 0 0 0 0 0 0 0 0 0 0 0 0 0 0 0 0 0 0 0
0 0 0 0 0 0 0 0 0 0 0 0 0 0 0 0 0 0 0 0 0 0 0 0 0 0 0 0 0 0 0 0
0 0 0 0 0 0 0 0 0 0 0 0 0 0 0 0 0 0 0 0 0 0 0 0 0 0 0 0 0 0 0 0
0 0 0 0 0 0 0 0 0 0 0 0 0 0 0 0 0 0 0 0 0 0 0 0 0 0 0 0 0 0 0 0
0 0 0 0 0 0 0 0 0 0 0 0 0 0 0 0 0 0 0 0 0 0 0 0 0 0 0 0 0 0 0 0
0 0 0 0 0 0 0 0 0 0 0 0 0 0 0 0 0 0 0 0 0 0 0 0 0 0 0 0 0 0 0 0
