 169  157  179  168   86   93   99  115  131  131  131  134  139  134  132  134  130  125  127  108  119  169  158  162  147  210  195   93  117  122  131  117 
 162  162  180  160   90   89   97  117  130  129  130  133  129  130  125  126  129  127  133  113  106  156  171  168  158  158  243  137   94  134  124   28 
 169  182  176  155   92   88   96  114  129  128  129  130  123  127  128  122  113  123  133  123  100  139  174  166  164  138  206  221  110  110   30   11 
 181  158  164  162   81   88   97  115  126  126  132  128  135  155  181  181  160  116  111  121  105  133  164  160  151  146  127  255  185    4   18   30 
 178  100  166  168   71   83  102  113  121  123  122  115  130  149  181  215  227  190  110   94  103  141  151  152  150  143  139  194   93    0   32   19 
 125   66  175  164   70   82   98  110  118  114   99  115  123  139  177  193  212  250  243   91   62  163  148   87  156  148  180   72    1   19   17   93 
  71   76  167  167   80   83   93  107  112  103  107  132  149  129  175  216  226  228  252  196   59  139  166   21   76  176  109   17   25    7   67  176 
  70   86  162  160   72   79   97  124  134   90  124  130  127  164  189  210  214  224  230  255  173  122  148   11  103  239   97    2   11   41  164  176 
  86   90  172  168   74   81   99  114  121   92  122  110  129  186  198  182  203  213  210  227  239  168  135  169  238  255  159    0    3  126  187  168 
  89   91  172  175   81   81   80  152  144   85  109  127  148  156  190  181  186  189  204  194  192  213  218  243  235  227   74    0   68  186  171  161 
  77   90  177  174   80   82   58  187  211   90  109  139  149  152  172  174  180  180  151  173  197  215  234  242  179  139   18   25  145  178  165  165 
  88   95  177  178   78   86   72  161  204  105  117  137  140  132  104  109   93   51  140  215  218  234  213  151  138   70    3   83  188  167  155  160 
  95   92  176  175   73   82   91  102  178  123  110  146  125   50   35   48    0  119  238  198  199  142  129  160   70    0   16  137  195  173  164  158 
  96   84  171  182   75   72   90   86  152  141  127  106   40   40   32    1  106  228  196  196  222   83  117  106    0   10   42  169  181  173  172  164 
  91   82  173  186   81   77  102   94  152  152   82   29   18   67    7   76  217  209  179  209  255  177   48   43   27   16  110  179  166  161  164  161 
  90   81  171  187   82   87   96  116  142  110   36   28   39    0   97  237  190  103  165  212  250  160   43   83   21   38  156  184  168  156  154  151 
  87   72  169  187   84   71   82  177  128   73   39   59   18   36  234  182   53   73  106  203  136   42   48  118    1   70  175  166  162  169  152  135 
  90   61  163  196   90   87  119  138   81   77  106   23    0  166  222  116  107  159  119  194  141   56   53  109    7  110  179  161  158  143  142  171 
  69   48  165  201   90  106  103   45   79   35  133   34   76  181   85  160  199  178  125  193  204   99   73   93   16  144  168  154  142  136  206  223 
  59   33  156  196   93  110   76   82   54    0   50   50  154   92   86  156  185  173  115  162  201   96   40   91   80  165  164  150  135  189  230  231 
  64   46  155  197  102   86   66  107  101   15   31  140   99   26  127  142  159  163  119  157  193   61    6   55  115  179  153  140  148  220  232  230 
  50   60  173  193  103   70   30   42  122   86  140  112   10   58  124  143  145  140  154  201  140   30   10   84  172  161  146  135  164  233  232  232 
  26   56  181  202  120   57   38   87   89  134  164   18   29   53   79  145  148  105  124  170   70   22   43   99  195  158  155  135  175  247  235  243 
   4   57  184  197   95   56   33   71   96   99   51   22   40   30   50   83  122  151  183  105    0   39   59   85  170  166  165  121  177  255  253  240 
  15   32  170  204  101   44   41   55   80  123   63   12   23   26   30   54  108  160  187  148   40    8   58  105  143  121  134  106  178  255  214   69 
 127   44  132  218  137   13   52   95   55  124  125   17   32   31   28   96  144  140  158  231  233  137   32  106  162  122   95   84  214  234   65   33 
 112  128  132  226   81    0   62   57   72  102  120   70   23   35   73   97  138  149  156  182  227  255   87   46  173  152  119  147  255  144   55   99 
  54  137  140  221   85    4   75   38   29   92  129   70   26   32  100  115  147  142  151  171  206  250  192   70  168  129  131  238  238   98   91   86 
  25  123  137  223  105    5   46   30   28   87   97   64   19   75  106  108  151  138  143  165  189  233  231  108  128  156  141  217  199   66   85   88 
  43  138  140  205   81   13   35   23   34   85   63   28   18   85   86  139  143  143  139  157  176  215  254  144   46   62  131  239  115   46   90   77 
  85  153  145  200   41    9   43   48   28   73   46    1   44   68  114  149  145  152  139  141  160  195  251  191   79   28  134  159   44   67   88   73 
  43  158  162  198   51   30   33   77   85   71   30   25   93  120  138  133  148  151  145  144  157  181  224  230   88  108  120   73   71   78   95   45 
