865 1593 1990 2048 1792 1295 1107 1212 1381 1522 1566 1576 1601 1613 1592 1570 1566 1549 1530 1480 1389 1511 1819 1960 1923 1974 2241 2167 1607 1357 1470 1412
1572 2249 2703 2736 2359 1718 1465 1600 1835 2020 2074 2087 2100 2091 2072 2049 2027 2012 2031 2011 1871 1939 2345 2632 2629 2582 2842 3026 2478 1918 1824 1502
1458 2230 2745 2708 2315 1695 1447 1585 1820 1999 2056 2072 2072 2080 2150 2214 2179 2070 2003 1989 1881 1869 2228 2593 2640 2514 2579 2978 2949 2190 1417 842
1071 2096 2575 2585 2289 1644 1411 1588 1808 1964 2023 2034 2040 2133 2366 2627 2729 2564 2215 1934 1796 1831 2158 2490 2545 2443 2361 2696 3022 2189 907 404
940 1838 2181 2428 2288 1584 1364 1585 1787 1909 1933 1909 1939 2101 2422 2836 3154 3202 2892 2294 1747 1724 2143 2357 2323 2345 2352 2465 2387 1482 517 382
920 1467 1798 2337 2300 1575 1342 1552 1740 1832 1804 1785 1906 2083 2347 2793 3221 3489 3561 3086 2078 1650 2111 2179 1845 2038 2376 2186 1438 640 343 692
1232 1359 1616 2304 2289 1589 1337 1537 1753 1810 1733 1793 2003 2166 2386 2828 3264 3521 3715 3622 2806 2007 2107 1959 1319 1701 2384 1837 773 306 525 1325
1854 1553 1636 2319 2271 1573 1328 1563 1825 1846 1728 1831 2013 2209 2569 2963 3244 3421 3557 3666 3432 2772 2343 1957 1541 2161 2800 1854 554 336 1062 2075
2305 1715 1723 2384 2321 1595 1320 1576 1903 1903 1715 1790 1964 2235 2692 2997 3091 3206 3338 3450 3503 3260 2821 2535 2634 3196 3255 1956 578 651 1752 2570
2396 1717 1758 2440 2393 1649 1283 1564 2147 2197 1773 1753 2029 2301 2624 2868 2941 2999 3066 3097 3165 3237 3243 3316 3486 3519 2908 1523 659 1269 2330 2719
2335 1683 1766 2473 2424 1670 1249 1554 2412 2597 1954 1800 2114 2306 2408 2506 2553 2516 2485 2647 2960 3240 3457 3553 3386 2915 1994 934 925 1934 2620 2672
2306 1719 1799 2491 2426 1659 1274 1533 2312 2628 2096 1888 2125 2133 1901 1736 1661 1573 1837 2540 3103 3290 3271 3107 2722 2033 1123 687 1412 2445 2725 2606
2299 1754 1800 2473 2419 1630 1287 1461 1958 2367 2160 1955 1964 1667 1180 890 817 1121 2045 2948 3264 3084 2628 2354 2020 1213 515 760 1888 2730 2786 2636
2313 1738 1753 2449 2445 1636 1283 1417 1743 2193 2194 1836 1443 1030 723 535 787 1768 2806 3201 3305 3080 2279 1722 1338 645 379 1110 2241 2780 2755 2671
2334 1712 1714 2446 2489 1692 1335 1483 1768 2141 2035 1401 826 596 606 850 1653 2599 2947 3013 3353 3387 2432 1384 881 505 653 1627 2521 2724 2637 2596
2286 1669 1674 2431 2507 1727 1349 1577 1946 2076 1647 975 595 475 755 1705 2549 2520 2241 2554 3178 3157 2151 1230 906 629 991 2069 2687 2683 2572 2488
2174 1592 1598 2387 2526 1753 1351 1682 2074 1899 1365 942 633 557 1338 2529 2624 1931 1715 2212 2783 2438 1455 1112 1078 776 1291 2335 2689 2614 2524 2429
2120 1506 1480 2342 2574 1839 1479 1695 1788 1498 1277 1169 756 876 1955 2649 2377 2075 2073 2291 2659 2281 1355 1136 1116 925 1600 2478 2605 2473 2444 2575
2329 1464 1316 2282 2600 1929 1582 1521 1314 1043 1009 1132 1010 1373 2024 2168 2352 2660 2550 2398 2718 2592 1689 1214 1130 1187 1924 2540 2494 2377 2569 3020
2731 1510 1203 2214 2590 1958 1523 1370 1241 942 652 852 1295 1631 1649 1773 2340 2757 2576 2309 2621 2624 1662 1000 1110 1565 2246 2545 2397 2448 2926 3445
2965 1574 1246 2246 2605 1935 1342 1166 1292 1210 862 1062 1498 1368 1230 1713 2278 2518 2433 2330 2588 2379 1285 657 1114 1933 2466 2481 2341 2617 3245 3637
2962 1525 1316 2371 2680 1924 1158 889 1154 1467 1551 1653 1387 873 992 1676 2197 2315 2244 2379 2552 1958 898 603 1367 2289 2572 2404 2341 2780 3448 3732
2911 1378 1283 2461 2745 1910 1057 805 1109 1532 1821 1661 967 580 828 1374 1927 2143 2150 2317 2157 1319 661 790 1621 2474 2639 2411 2364 2890 3610 3850
2920 1258 1172 2440 2730 1835 982 787 1074 1461 1600 1187 609 477 619 922 1439 1932 2311 2449 1843 856 545 920 1645 2341 2519 2332 2292 2909 3686 3714
2700 1279 1147 2300 2736 1848 915 767 1030 1367 1551 1136 546 412 482 676 1194 1862 2419 2673 2292 1450 904 1007 1627 2167 2206 2003 2109 2910 3491 2902
1949 1421 1443 2246 2754 1848 803 786 1073 1299 1641 1455 775 459 515 784 1379 2000 2371 2699 2976 2795 2016 1318 1575 2160 2117 1824 2146 3010 2994 1899
1272 1481 1815 2400 2702 1676 669 766 973 1123 1562 1635 1052 568 644 1086 1651 2119 2348 2588 3046 3449 3085 1961 1610 2175 2250 2099 2658 3160 2468 1469
1145 1332 1844 2514 2687 1616 640 692 742 852 1379 1597 1117 636 821 1367 1832 2172 2326 2462 2807 3333 3506 2686 1927 2134 2291 2450 3132 3106 2064 1409
1187 1174 1743 2501 2674 1651 632 552 563 710 1207 1349 920 657 1014 1533 1930 2215 2290 2371 2652 3109 3530 3177 2238 1873 2020 2502 3117 2689 1654 1317
1225 1283 1862 2509 2536 1489 547 482 531 702 1053 989 610 632 1117 1632 2044 2275 2294 2316 2501 2880 3407 3425 2463 1493 1452 2236 2718 2025 1276 1246
1239 1429 2048 2541 2435 1594 978 1024 1081 1162 1339 1203 953 1095 1494 1918 2253 2382 2376 2352 2423 2668 3094 3275 2644 1684 1471 2105 2348 1775 1461 1567
1515 0 0 0 0 0 0 0 0 0 0 0 0 0 0 0 0 0 0 0 0 0 0 0 0 0 0 0 0 0 0 0
