 221  221  220  220  218  217  216  216  215  215  215  214  214  216  217  215  211  209  208  207  207  206  205  204  203  202  202  202  203  203  202  202 
 221  220  220  219  217  216  217  216  216  216  218  221  215  197  165  172  221  219  214  212  211  209  208  207  205  204  203  204  204  204  203  203 
 219  219  219  218  217  217  217  217  217  218  225  192  106  100  106   92  125  200  212  218  214  213  210  208  206  205  204  204  204  205  205  204 
 218  218  218  218  218  217  217  217  219  228  185   98   79   87   72   71   61   99  136  206  216  215  212  209  208  207  205  205  205  206  205  205 
 218  218  218  218  218  217  218  219  226  169   88   59   49   57   63   74   97   85   65  134  220  216  214  211  210  209  207  207  206  207  206  206 
 218  217  218  218  218  217  219  224  204   84   77   77   77   60   55   66   74   77   56   79  202  219  215  213  211  210  208  207  207  206  206  206 
 217  217  218  218  218  218  220  227  160   80  119  172  177  170  133  102   89   91   71   48  175  224  216  213  212  211  209  208  208  207  207  207 
 216  217  218  218  218  219  221  220  109  102  179  183  178  178  172  176  159  152  160   90  159  226  218  215  213  211  210  209  208  208  208  208 
 216  217  218  218  218  219  225  199   83  131  184  185  191  193  184  183  184  183  183  138  121  223  220  217  215  212  210  210  209  209  209  209 
 216  217  218  218  218  219  227  187   78  137  183  178  171  165  173  169  163  153  153  137  110  219  222  219  216  214  211  211  210  210  210  209 
 216  217  218  218  218  219  227  201   89  117  116  121  104   94  114  128   85   94  120  116  101  223  223  219  217  214  213  211  211  211  210  210 
 216  217  218  218  218  220  224  227  120  115  121  121   84   97  105  122   68   79  112  150  119  204  227  220  218  216  214  213  212  212  211  211 
 216  217  218  218  219  221  228  190  126  142  152  135  110  113  127  169  100  118  144  159  129  194  229  222  219  217  216  215  213  212  212  212 
 216  217  218  219  219  221  229  190  123  158  168  154  142  135  166  198  164  132  136  149  158  213  228  222  219  218  218  216  214  214  213  212 
 216  217  218  218  219  220  226  219  137  157  178  145  122  145  172  169  166  131  106  141  160  215  228  223  220  218  218  217  216  215  214  213 
 215  217  218  218  219  221  224  229  180  147  168  126  110  128  103  108   95  113   80  100  147  225  228  224  221  220  219  218  217  216  215  214 
 215  216  218  218  220  222  224  229  222  176  139  100   79  115  121  110  111   92   78   87  145  236  229  226  223  221  219  219  218  217  217  216 
 216  217  218  219  221  222  224  226  234  217  119  103  110  127  127  121  116  130  127   83  177  240  228  226  224  221  220  220  218  218  217  217 
 217  218  219  220  221  222  224  226  230  237  152   92  119  176  153  127  132  163  107   86  204  221  233  226  224  222  221  220  219  219  218  217 
 217  218  220  220  220  222  224  227  230  238  210  101   76  143  155  124  128  134   74  114   28   26  184  236  226  223  222  221  220  220  220  218 
 218  219  221  221  221  224  225  227  229  237  216  161  107   85  108  102   88   68  103  166  130   33   70  188  232  231  226  223  221  221  221  220 
 218  220  222  221  222  224  226  227  230  227  119  170  165  132   86   66   69  105  151  162  182  154   62   81  143  190  219  230  231  227  223  223 
 220  221  223  223  224  225  225  228  239  172   93  169  161  161  153  134  132  137  150  151  195  179   77   71   84   80  117  149  178  212  234  226 
 221  224  226  225  225  225  227  236  181   91   87  162  136  148  149  145  139  138  125  152  207  179   92   67   83   60   46   86   95   86  134  225 
 223  225  227  227  226  229  237  173   83   73   65  158  145  119  140  130  130  133  114  186  208  158   90   79   88   72   35   61   84   90   48   83 
 225  226  229  228  234  224  142   60   75   65   64  117  196  136  106  114  125  128  138  185  210  163   76   57   65   63   44   52   69   79   76   23 
 225  227  230  236  199  112   40   67   84   45   58   74  173  132  129  145  136  145  146   91  122  173  102   37    3   18   46   50   62   49   70   41 
 225  230  232  163   96   42   41   84   81   44   34   29  109   82  123  143  155  151  149  118  134  150  144   56    7   22   44   48   58   38   51   53 
 229  223  129   84   64   30   65   75   76   66   42   13   64  145  155  172  183  166  166  167  186  179  154   62   27   31   36   45   57   39   36   60 
 221  107   76   76   38   38   78   65   71   76   66   25   32  136  190  193  190  171  161  185  193  186  150   49   36   40   38   47   59   41   31   54 
 104   64   81   51   30   58   76   65   70   79   64   22   24  132  178  195  182  162  188  195  199  204  158   41   40   42   45   52   60   45   29   41 
  47   65   57   36   38   59   54   58   57   65   36   31   44  117  145  151  144  150  157  158  156  158  122   38   41   37   44   54   54   43   31   32 
